listing_id,high,medium,low
7142618,0.071,0.336,0.593
7210040,0.171,0.433,0.396
7103890,0.029,0.127,0.844
7143442,0.106,0.417,0.477
6860601,0.017,0.141,0.842
6840081,0.002,0.074,0.924
6922337,0.102,0.414,0.484
6913616,0.3105,0.426,0.2635
6937820,0.0616666666667,0.188333333333,0.75
6893933,0.031,0.161,0.808
6832604,0.007,0.0455833333333,0.947416666667
6915282,0.224166666667,0.459833333333,0.316
7127565,0.009,0.101,0.89
6827899,0.017,0.156,0.827
6934855,0.005,0.106,0.889
6861826,0.02,0.246,0.734
6871643,0.025,0.457,0.518
6842542,0.006,0.061,0.933
6934145,0.005,0.098,0.897
6829365,0.2955,0.3575,0.347
7167858,0.029,0.158,0.813
6859483,0.0163333333333,0.244666666667,0.739
6861377,0.022,0.235,0.743
6848960,0.179,0.274,0.547
6918850,0.007,0.137,0.856
6916867,0.181,0.378571428571,0.440428571429
6895840,0.012,0.118,0.87
6813539,0.437,0.414,0.149
7116900,0.108,0.286166666667,0.605833333333
6890328,0.387,0.256,0.357
6879406,0.075,0.265,0.66
6824924,0.082,0.345,0.573
6911302,0.057,0.14,0.803
6918742,0.085,0.866,0.049
6910586,0.009,0.135,0.856
6821750,0.02,0.184583333333,0.795416666667
6860647,0.041,0.135,0.824
6932873,0.072,0.317,0.611
6846053,0.023,0.133,0.844
6940365,0.061,0.57,0.369
6931867,0.014,0.066,0.92
6876383,0.102333333333,0.0986666666667,0.799
6910980,0.1755,0.5335,0.291
6880877,0.13,0.562,0.308
6839552,0.051,0.585,0.364
6838051,0.241,0.544,0.215
6928201,0.478,0.335,0.187
6945608,0.186,0.652,0.162
6816147,0.058,0.158,0.784
6868129,0.053,0.295,0.652
6849448,0.00766666666667,0.147,0.845333333333
7113677,0.562,0.353,0.085
6930856,0.047,0.19,0.763
6889594,0.05,0.436,0.514
6842682,0.022,0.124,0.854
6880366,0.104,0.4678,0.4282
6835063,0.0,0.022,0.978
6820479,0.394,0.257,0.349
6882057,0.026,0.108,0.866
6834440,0.108,0.434,0.458
6880846,0.001,0.005,0.994
6847248,0.0,0.041,0.959
6868368,0.011,0.021,0.968
6943505,0.025,0.097,0.878
7174304,0.0483333333333,0.150833333333,0.800833333333
6880747,0.029,0.111,0.86
6933565,0.036,0.371,0.593
6888511,0.01,0.059,0.931
6942704,0.026,0.316,0.658
6840304,0.079,0.351,0.57
6856860,0.013,0.076,0.911
6884921,0.003,0.022,0.975
6937417,0.016,0.164,0.82
6831129,0.001,0.038,0.961
6936660,0.162,0.482,0.356
6940667,0.002,0.098,0.9
7201307,0.002,0.011,0.987
6825434,0.047,0.129,0.824
6848114,0.035,0.067,0.898
6947758,0.498,0.142,0.36
6897002,0.057,0.371,0.572
6926661,0.0,0.121,0.879
6867411,0.092,0.239,0.669
6910154,0.016,0.169916666667,0.814083333333
7157900,0.044,0.247,0.709
6922324,0.051,0.288,0.661
6863068,0.0285,0.1765,0.795
6912109,0.011,0.282,0.707
6918609,0.026,0.248,0.726
6889300,0.092,0.31,0.598
6837794,0.146333333333,0.366166666667,0.4875
6943098,0.123,0.451,0.426
6927601,0.092,0.329,0.579
6897826,0.008,0.126,0.866
6882892,0.004,0.047,0.949
6873384,0.358,0.327,0.315
6934693,0.039,0.246,0.715
7224450,0.049,0.205,0.746
6898157,0.019,0.092,0.889
6837355,0.001,0.045,0.954
6830595,0.12,0.32525,0.55475
6943561,0.207,0.42,0.373
6844380,0.295,0.465,0.24
6814286,0.074,0.157,0.769
6898520,0.164,0.488,0.348
6940979,0.512,0.2005,0.2875
6851090,0.3125,0.3315,0.356
7107169,0.042,0.240666666667,0.717333333333
6830287,0.293,0.073,0.634
6933575,0.112,0.659,0.229
6938972,0.022,0.133,0.845
6888315,0.005,0.041,0.954
6855106,0.019,0.108,0.873
6838237,0.265,0.49,0.245
6901024,0.062,0.268,0.67
6846627,0.0135,0.1465,0.84
7219857,0.005,0.061,0.934
6852685,0.019,0.281,0.7
6831610,0.115,0.438,0.447
6943538,0.134,0.479,0.387
6911637,0.008,0.041,0.951
6854543,0.047,0.137,0.816
6940451,0.04,0.345,0.615
6819530,0.4828,0.2782,0.239
7093396,0.022,0.218,0.76
6840326,0.021,0.102,0.877
6834204,0.046,0.066,0.888
6902518,0.082,0.3705,0.5475
6930253,0.077,0.222,0.701
6828293,0.003,0.097,0.9
7203744,0.368,0.154,0.478
6816478,0.075,0.434,0.491
6868890,0.007,0.11,0.883
6879338,0.07,0.415,0.515
6898532,0.136,0.246,0.618
6899965,0.008,0.237666666667,0.754333333333
7133875,0.009,0.067,0.924
6822218,0.054,0.25,0.696
6814018,0.255833333333,0.134,0.610166666667
6896376,0.128,0.432,0.44
6918670,0.088,0.41,0.502
6867839,0.003,0.019,0.978
6823554,0.008,0.102,0.89
6934798,0.12,0.229,0.651
6820823,0.17,0.429,0.401
6880212,0.009,0.113,0.878
6934814,0.008,0.113,0.879
7254134,0.079,0.197,0.724
6938303,0.266,0.642,0.092
6813807,0.17125,0.38475,0.444
6878604,0.02,0.069,0.911
6876763,0.043,0.16975,0.78725
6844352,0.005,0.071,0.924
6915939,0.171,0.475,0.354
7109370,0.101,0.362,0.537
6855445,0.132,0.226,0.642
6818668,0.017,0.33,0.653
6836527,0.0,0.005,0.995
6831717,0.037,0.142,0.821
6937162,0.057,0.530616666667,0.412383333333
6922876,0.009,0.087,0.904
7109482,0.059,0.493,0.448
6940972,0.07,0.453,0.477
6883790,0.076,0.430233333333,0.493766666667
6921643,0.0233333333333,0.270666666667,0.706
6935700,0.007,0.224,0.769
6827025,0.049,0.324,0.627
6943096,0.107,0.199,0.694
7161468,0.039,0.174,0.787
6879610,0.009,0.105,0.886
6935762,0.09,0.312333333333,0.597666666667
6925042,0.022,0.0933333333333,0.884666666667
7121050,0.113,0.225,0.662
6821601,0.112,0.202,0.686
6926810,0.004,0.075,0.921
6946532,0.05,0.2,0.75
6875171,0.0618333333333,0.401666666667,0.5365
7096285,0.1415,0.4735,0.385
6812321,0.033,0.155,0.812
6822697,0.071,0.218,0.711
6941294,0.002,0.172,0.826
6873564,0.001,0.004,0.995
6926791,0.028,0.281,0.691
7142444,0.348,0.465,0.187
6878128,0.07,0.624,0.306
6927428,0.056,0.236,0.708
6812674,0.0,0.009,0.991
6881774,0.203,0.386,0.411
7167797,0.006,0.032,0.962
6865238,0.076,0.574,0.35
6841710,0.202,0.216,0.582
6856334,0.008,0.034,0.958
6906462,0.012,0.106,0.882
6837438,0.13425,0.284,0.58175
6908277,0.155,0.567,0.278
6841291,0.08,0.225,0.695
6915178,0.164,0.473,0.363
6893031,0.294,0.327,0.379
6894985,0.0965,0.649,0.2545
6931134,0.113,0.323,0.564
6872264,0.194,0.532,0.274
6816953,0.1835,0.241,0.5755
7163518,0.343,0.4,0.257
6893253,0.0565,0.3087,0.6348
6943822,0.103,0.248,0.649
6946313,0.042,0.165,0.793
6839443,0.025,0.1,0.875
6911338,0.03,0.263,0.707
7223877,0.574,0.255,0.171
6917884,0.041,0.25,0.709
6823126,0.003,0.0293333333333,0.967666666667
6939488,0.167,0.49,0.343
7196924,0.147,0.231,0.622
6905685,0.042,0.175,0.783
6894092,0.006,0.042,0.952
6812181,0.039,0.23,0.731
6854610,0.018,0.278,0.704
6873754,0.108,0.423,0.469
6859181,0.97,0.018,0.012
6825402,0.008,0.18,0.812
6819526,0.012,0.121,0.867
6896065,0.0,0.027,0.973
6931793,0.0626666666667,0.409333333333,0.528
6907360,0.017,0.17,0.813
6813182,0.03,0.175,0.795
6823959,0.04625,0.24775,0.706
6942189,0.157,0.431,0.412
6844384,0.014,0.104,0.882
6836888,0.387,0.265,0.348
6917844,0.08,0.146,0.774
6937842,0.09,0.473666666667,0.436333333333
6926917,0.117,0.34,0.543
7160740,0.084,0.166,0.75
6936310,0.0643333333333,0.455333333333,0.480333333333
6849109,0.208,0.455,0.337
6831018,0.0,0.012,0.988
6909842,0.005,0.05,0.945
6861360,0.0,0.032,0.968
6883414,0.031,0.381,0.588
6876026,0.203,0.238,0.559
7095390,0.0,0.007,0.993
6932265,0.421,0.416,0.163
6870949,0.091,0.191,0.718
6831335,0.0513333333333,0.357,0.591666666667
6895698,0.179,0.366,0.455
6889889,0.152,0.263,0.585
6876679,0.057,0.194433333333,0.748566666667
6947097,0.369,0.189,0.442
6874970,0.028,0.143,0.829
6831069,0.159,0.713,0.128
6833628,0.037,0.117,0.846
6819282,0.101,0.343,0.556
6825025,0.026,0.196,0.778
6856513,0.027,0.191,0.782
6928711,0.003,0.043,0.954
6832548,0.099,0.384,0.517
6881870,0.047,0.225,0.728
6866978,0.1315,0.5805,0.288
7163400,0.343,0.4,0.257
6917187,0.137,0.677,0.186
6927475,0.02,0.402,0.578
6903243,0.028,0.3155,0.6565
6876188,0.011,0.095,0.894
6922219,0.01,0.067,0.923
7104085,0.003,0.002,0.995
6920897,0.087,0.498,0.415
6812177,0.046,0.173,0.781
6941047,0.046,0.675,0.279
6827609,0.002,0.0511666666667,0.946833333333
6934328,0.008,0.063,0.929
6937556,0.44,0.409,0.151
6879765,0.0843333333333,0.548666666667,0.367
6942927,0.004,0.0612,0.9348
6945170,0.071,0.357,0.572
6901915,0.114,0.366,0.52
6824475,0.039,0.35,0.611
6832968,0.041,0.18855,0.77045
7166718,0.0,0.024,0.976
6905079,0.026,0.169,0.805
6940297,0.131966666667,0.602,0.266033333333
6911080,0.043,0.463,0.494
6917208,0.027,0.169,0.804
6858925,0.058,0.71,0.232
7169883,0.174,0.469,0.357
6944112,0.253,0.535,0.212
6885816,0.0246666666667,0.231,0.744333333333
6837733,0.029,0.081,0.89
6828658,0.1385,0.253,0.6085
6839429,0.23,0.444,0.326
7164794,0.013,0.182,0.805
6837661,0.0768333333333,0.229166666667,0.694
6883255,0.028,0.094,0.878
6833054,0.052,0.319,0.629
7675463,0.097,0.318,0.585
6871526,0.155,0.228,0.617
6876295,0.068,0.304,0.628
7204045,0.004,0.097,0.899
6840357,0.1299,0.404433333333,0.465666666667
6917531,0.007,0.11,0.883
6886057,0.460333333333,0.3,0.239666666667
6833734,0.0614880952381,0.441511904762,0.497
6908098,0.035,0.153,0.812
6860562,0.018,0.126,0.856
6859167,0.143,0.215,0.642
6812141,0.004,0.1291,0.8669
6919431,0.006,0.063,0.931
6869389,0.067,0.231,0.702
6906034,0.023,0.107,0.87
7108495,0.001,0.0105,0.9885
6864681,0.007,0.123,0.87
6893982,0.01,0.127,0.863
6862160,0.039,0.210266666667,0.750733333333
6854804,0.089,0.256,0.655
7143164,0.011,0.494,0.495
6936651,0.076,0.1915,0.7325
6837450,0.05,0.189,0.761
6908259,0.886,0.05,0.064
6916539,0.09,0.234,0.676
6947176,0.084,0.269,0.647
6933958,0.352,0.413,0.235
6816549,0.226,0.425,0.349
6876117,0.001,0.116,0.883
6848605,0.048,0.303,0.649
6840659,0.02,0.113,0.867
6823496,0.2895,0.4365,0.274
6912609,0.001,0.004,0.995
7097937,0.008,0.07,0.922
6924524,0.017,0.354,0.629
6938236,0.03,0.115,0.855
6865751,0.009,0.023,0.968
6936323,0.004,0.067,0.929
6868422,0.139,0.203,0.658
7210133,0.033,0.318,0.649
7215631,0.006,0.053,0.941
6940189,0.044,0.3095,0.6465
6888941,0.0,0.022,0.978
6831598,0.019,0.41,0.571
6939963,0.006,0.215333333333,0.778666666667
6897175,0.498,0.296,0.206
6816167,0.036,0.191,0.773
6812965,0.023,0.168,0.809
7149372,0.311,0.55,0.139
6875959,0.009,0.04,0.951
6925644,0.041,0.516,0.443
6874269,0.053,0.307,0.64
6814721,0.026,0.127,0.847
6922432,0.023,0.348,0.629
6858861,0.013,0.234,0.753
6835339,0.0,0.0,1.0
6896997,0.2,0.299,0.501
6921134,0.003,0.027,0.97
6883685,0.136,0.617,0.247
6911406,0.0,0.009,0.991
6825733,0.442,0.3005,0.2575
6884462,0.27,0.4694,0.2606
6858682,0.024,0.096,0.88
6894013,0.087,0.55,0.363
6856391,0.525,0.1626,0.3124
6828064,0.001,0.072,0.927
6817336,0.004,0.055,0.941
6819178,0.11,0.29,0.6
7147339,0.159,0.429,0.412
6887757,0.14,0.607,0.253
6946859,0.021,0.407,0.572
6855963,0.02,0.087,0.893
6839828,0.071,0.205,0.724
6870806,0.135,0.287,0.578
6880221,0.05,0.434,0.516
6921809,0.098,0.425333333333,0.476666666667
6897069,0.02,0.197,0.783
6897157,0.157,0.539,0.304
6898912,0.043,0.212,0.745
6856271,0.1515,0.343833333333,0.504666666667
6888381,0.0,0.002,0.998
7099191,0.002,0.081,0.917
6917882,0.126,0.5,0.374
6931260,0.001,0.03,0.969
6849996,0.035,0.581,0.384
6887973,0.067,0.239,0.694
6850205,0.161,0.63,0.209
6845657,0.061,0.338333333333,0.600666666667
6930302,0.003,0.045,0.952
6852391,0.085,0.287,0.628
6920411,0.327,0.33,0.343
6907999,0.018,0.092,0.89
6864094,0.015,0.250733333333,0.734266666667
6813852,0.07,0.350333333333,0.579666666667
7232295,0.3024,0.3316,0.366
6896558,0.07,0.194,0.736
6858919,0.031,0.572,0.397
6847828,0.074,0.266,0.66
6925116,0.094,0.321,0.585
6854687,0.06,0.174,0.766
6946415,0.092,0.478,0.43
6827859,0.0,0.001,0.999
6884313,0.3232,0.497383333333,0.179416666667
6848651,0.083,0.377,0.54
7136298,0.026,0.126,0.848
6874534,0.016,0.174,0.81
6908942,0.2915,0.4915,0.217
6894718,0.001,0.04,0.959
6876449,0.081,0.244,0.675
6825630,0.127,0.339633333333,0.533366666667
7155655,0.035,0.176,0.789
7201310,0.025,0.099,0.876
6864334,0.011,0.108,0.881
6876658,0.024,0.163,0.813
6842370,0.097,0.131,0.772
6835467,0.373,0.325666666667,0.301333333333
7227368,0.03,0.098,0.872
6859482,0.0615,0.268,0.6705
6878641,0.04,0.078,0.882
6869916,0.0,0.002,0.998
6841060,0.01,0.162,0.828
6887832,0.012,0.148,0.84
6905898,0.055,0.044,0.901
7104742,0.073,0.432,0.495
6948090,0.006,0.3,0.694
6839851,0.102,0.319,0.579
6934051,0.0,0.034,0.966
6888727,0.282,0.351,0.367
7167478,0.046,0.052,0.902
6892109,0.158,0.76,0.082
6908544,0.402,0.3105,0.2875
6921725,0.038,0.372,0.59
6932343,0.109,0.648,0.243
6914309,0.005,0.258833333333,0.736166666667
6919805,0.097,0.208,0.695
6947828,0.043,0.182,0.775
6920362,0.057,0.242,0.701
7110179,0.71,0.193,0.097
6877834,0.198,0.486,0.316
6876966,0.163,0.34,0.497
6823918,0.023,0.124,0.853
6871243,0.005,0.095,0.9
6928189,0.206,0.356,0.438
6852455,0.115,0.312,0.573
7208631,0.031,0.27,0.699
6831811,0.091,0.702,0.207
6904276,0.028,0.146,0.826
6831589,0.063,0.263,0.674
6901814,0.033,0.128,0.839
6854667,0.804,0.156,0.04
7192650,0.007,0.032,0.961
6836299,0.021,0.124583333333,0.854416666667
6887919,0.004,0.1455,0.8505
6927679,0.118,0.443,0.439
6855908,0.078,0.234,0.688
6854766,0.013,0.079,0.908
6847472,0.012,0.1705,0.8175
6862519,0.036,0.258,0.706
6938819,0.313,0.234,0.453
6945434,0.081,0.243,0.676
6832722,0.661,0.048,0.291
6852707,0.012,0.087,0.901
7177680,0.019,0.356,0.625
6834945,0.007,0.009,0.984
6890316,0.036,0.389,0.575
6816620,0.007,0.056,0.937
6945175,0.011,0.149,0.84
6914016,0.026,0.229,0.745
6852619,0.0596349206349,0.176365079365,0.764
6813211,0.143,0.385,0.472
6820546,0.038,0.135,0.827
6836128,0.018,0.075,0.907
6850557,0.108,0.571,0.321
6864997,0.108,0.165,0.727
6883705,0.036,0.157,0.807
6898767,0.003,0.063,0.934
6866020,0.029,0.19,0.781
7126382,0.725,0.171,0.104
6847427,0.178266666667,0.301,0.520733333333
6841013,0.062,0.244,0.694
6909469,0.0,0.005,0.995
6922473,0.004,0.049,0.947
6925906,0.042,0.345,0.613
6946014,0.134,0.317,0.549
6820739,0.033,0.187,0.78
6927559,0.495,0.254,0.251
7174772,0.012,0.153,0.835
6931036,0.026,0.417,0.557
6918163,0.025,0.115,0.86
6893604,0.0825,0.4325,0.485
6868844,0.088,0.24,0.672
6814537,0.531,0.231,0.238
6916118,0.001,0.034,0.965
6838509,0.075,0.327,0.598
6919725,0.206666666667,0.428333333333,0.365
6932476,0.0,0.013,0.987
6860496,0.014,0.665,0.321
7156799,0.0696666666667,0.576333333333,0.354
6837521,0.014,0.236,0.75
6913204,0.059,0.2575,0.6835
6947516,0.049,0.356,0.595
6838117,0.037,0.149,0.814
6933366,0.021,0.202,0.777
7134198,0.076,0.205,0.719
6898450,0.065,0.386,0.549
6819926,0.075,0.207,0.718
6947698,0.047,0.161,0.792
6838721,0.003,0.021,0.976
6936661,0.056,0.523,0.421
6912257,0.09,0.356,0.554
6905569,0.001,0.029,0.97
6927167,0.419,0.308,0.273
7150689,0.033,0.119,0.848
6820358,0.187,0.267,0.546
6945045,0.054,0.415,0.531
6866884,0.034,0.074,0.892
6820658,0.09,0.309,0.601
6826462,0.036,0.581,0.383
6932390,0.049,0.337,0.614
6905031,0.291,0.557,0.152
6923011,0.006,0.056,0.938
6908504,0.211,0.342,0.447
6881050,0.078,0.294,0.628
6892968,0.009,0.113,0.878
7346996,0.155333333333,0.435666666667,0.409
6876206,0.014,0.118,0.868
6813475,0.083,0.5855,0.3315
7190057,0.083,0.104,0.813
6838465,0.281,0.548,0.171
6899364,0.078,0.142,0.78
6891616,0.001,0.003,0.996
6836715,0.026,0.096,0.878
6829616,0.021,0.134,0.845
6829144,0.057,0.614,0.329
6893064,0.031,0.167,0.802
6861300,0.002,0.168,0.83
6926847,0.038,0.454,0.508
6894021,0.02,0.119,0.861
6897946,0.038,0.241,0.721
6835716,0.111,0.347,0.542
6832160,0.357333333333,0.387666666667,0.255
6835291,0.035,0.189,0.776
6945184,0.022,0.19,0.788
7140488,0.041,0.242,0.717
6937850,0.087,0.3755,0.5375
6899603,0.048,0.095,0.857
6903105,0.182333333333,0.324666666667,0.493
6828476,0.013,0.1175,0.8695
6835098,0.007,0.033,0.96
6830512,0.042,0.1305,0.8275
6879997,0.011,0.114333333333,0.874666666667
7131517,0.08,0.293416666667,0.626583333333
6835955,0.289,0.427,0.284
6875250,0.016,0.214,0.77
6932794,0.102,0.305,0.593
6948263,0.055,0.494,0.451
6867201,0.215,0.557,0.228
6882748,0.175,0.242,0.583
6902842,0.142,0.253,0.605
6847535,0.1161,0.376,0.5079
6825267,0.071,0.136833333333,0.792166666667
6909277,0.048,0.092,0.86
7152429,0.339916666667,0.454083333333,0.206
6931179,0.002,0.056,0.942
6896746,0.236,0.409,0.355
6937073,0.003,0.18,0.817
6934627,0.002,0.003,0.995
6887878,0.218,0.338,0.444
6921531,0.031,0.237,0.732
6897461,0.011,0.05,0.939
6862066,0.21,0.375,0.415
6851531,0.15065,0.39185,0.4575
6928550,0.047,0.097,0.856
6945851,0.019,0.274,0.707
6946955,0.006,0.033,0.961
6869136,0.061,0.712,0.227
6908667,0.052,0.1975,0.7505
6820525,0.253,0.29,0.457
6887970,0.126,0.506,0.368
6848365,0.05,0.518,0.432
6816173,0.037,0.151,0.812
6900732,0.0,0.006,0.994
6815786,0.137,0.416,0.447
6945972,0.239083333333,0.377916666667,0.383
6848445,0.039,0.2185,0.7425
6856486,0.176,0.267,0.557
6867010,0.042,0.347,0.611
6828257,0.192,0.192,0.616
6871807,0.0325,0.2305,0.737
7212966,0.0,0.004,0.996
6889959,0.209,0.3,0.491
6915510,0.007,0.091,0.902
6905402,0.008,0.144,0.848
6826100,0.068,0.427,0.505
6848893,0.015,0.312,0.673
7155647,0.263,0.2,0.537
6812883,0.1074,0.7346,0.158
6866095,0.003,0.05,0.947
6931127,0.015,0.103,0.882
6829407,0.019,0.129333333333,0.851666666667
6867548,0.360833333333,0.448166666667,0.191
7132575,0.04,0.275,0.685
6890847,0.036,0.103,0.861
6916429,0.01,0.02,0.97
6884716,0.444416666667,0.363583333333,0.192
6896897,0.397,0.397,0.206
6941572,0.04,0.192,0.768
6945277,0.12,0.428,0.452
7133293,0.006,0.135,0.859
7213385,0.01,0.143,0.847
6831928,0.104,0.425,0.471
6932687,0.014,0.132,0.854
6873877,0.011,0.067,0.922
7135459,0.3,0.333,0.367
6876620,0.0,0.021,0.979
6936163,0.008,0.191,0.801
6912398,0.234,0.3675,0.3985
6917655,0.008,0.0665,0.9255
6941149,0.026,0.097,0.877
6941378,0.025,0.044,0.931
6882453,0.024,0.15,0.826
7119160,0.036,0.135,0.829
6868451,0.0526666666667,0.374,0.573333333333
6945881,0.073,0.284,0.643
6822541,0.104,0.276,0.62
6884355,0.0776666666667,0.664333333333,0.258
7132247,0.045,0.303,0.652
6872049,0.069,0.32,0.611
6890740,0.016,0.142,0.842
6840897,0.039,0.208,0.753
6847694,0.021,0.121,0.858
6938196,0.015,0.256,0.729
6939526,0.033,0.306,0.661
6917529,0.003,0.046,0.951
6885636,0.002,0.136,0.862
7202614,0.002,0.014,0.984
6926453,0.131,0.615,0.254
6844636,0.284,0.199,0.517
6879293,0.402,0.371,0.227
6924780,0.083,0.32475,0.59225
6881024,0.024,0.079,0.897
6851374,0.056,0.351,0.593
6850953,0.01,0.075,0.915
6892292,0.001,0.068,0.931
6886159,0.006,0.094,0.9
6849877,0.155,0.326,0.519
6940840,0.008,0.115,0.877
6926838,0.011,0.388,0.601
6879243,0.263,0.409,0.328
6944286,0.0975,0.372333333333,0.530166666667
6915587,0.302533333333,0.537633333333,0.159833333333
6881904,0.089,0.344,0.567
7154358,0.155,0.328,0.517
6899258,0.006,0.118,0.876
6855460,0.265,0.544,0.191
6864884,0.021,0.124,0.855
6868209,0.08,0.361,0.559
6853834,0.081,0.302,0.617
7210020,0.107,0.503,0.39
6933228,0.028,0.212,0.76
6929227,0.067,0.297266666667,0.635733333333
7192346,0.112416666667,0.141583333333,0.746
6928834,0.006,0.164,0.83
6812269,0.019,0.16,0.821
6851446,0.029,0.227,0.744
6930820,0.005,0.021,0.974
6875310,0.133,0.263,0.604
6932397,0.083,0.475,0.442
6904291,0.001,0.042,0.957
6921642,0.056,0.281,0.663
7136057,0.212,0.229,0.559
6920815,0.006,0.065,0.929
6861757,0.176,0.526,0.298
6934222,0.598,0.181,0.221
6946448,0.036,0.256,0.708
6890569,0.188,0.291,0.521
6884477,0.068,0.325,0.607
7145006,0.003,0.081,0.916
6893718,0.0,0.029,0.971
6893330,0.013,0.193,0.794
6901780,0.002,0.035,0.963
6815738,0.144,0.4745,0.3815
6917209,0.052,0.282,0.666
6904227,0.001,0.02,0.979
6894402,0.003,0.036,0.961
7146083,0.083,0.239,0.678
6902153,0.003,0.0391,0.9579
6925988,0.068,0.319666666667,0.612333333333
6881323,0.0,0.002,0.998
6937405,0.348,0.174,0.478
7098390,0.117,0.467,0.416
6935942,0.158745238095,0.486,0.355254761905
6833510,0.132,0.241583333333,0.626416666667
6812857,0.0660666666667,0.425933333333,0.508
6828441,0.149,0.311,0.54
6915711,0.244041666667,0.498958333333,0.257
6880643,0.215,0.444,0.341
7224930,0.021,0.568,0.411
6852614,0.002,0.054,0.944
6853816,0.116,0.225,0.659
6811964,0.137,0.268,0.595
6847800,0.011,0.056,0.933
6859897,0.196,0.293,0.511
6882929,0.003,0.057,0.94
7157584,0.007,0.067,0.926
6863444,0.023,0.079,0.898
6836902,0.001,0.033,0.966
6918960,0.106061904762,0.271938095238,0.622
6882854,0.059,0.376,0.565
6822755,0.004,0.118,0.878
6815184,0.166541666667,0.267,0.566458333333
6846582,0.077,0.091,0.832
6940309,0.029,0.108,0.863
6924056,0.005,0.114,0.881
6824481,0.003,0.246,0.751
6839735,0.003,0.057,0.94
6900130,0.048,0.297,0.655
6946739,0.028,0.073,0.899
7144008,0.052,0.204,0.744
6863751,0.005,0.019,0.976
6820293,0.062,0.347,0.591
6818472,0.004,0.241,0.755
6832420,0.015,0.149,0.836
6879450,0.001,0.073,0.926
6943618,0.027,0.349,0.624
6883463,0.031,0.206933333333,0.762066666667
6834919,0.165,0.352,0.483
7505696,0.01,0.037,0.953
6903645,0.032,0.154333333333,0.813666666667
6831148,0.477,0.141,0.382
6828948,0.0485714285714,0.156428571429,0.795
6878495,0.004,0.085,0.911
6924862,0.003,0.036,0.961
6887802,0.039,0.343714285714,0.617285714286
6903228,0.665,0.248,0.087
6947415,0.0,0.007,0.993
6941508,0.3415,0.406916666667,0.251583333333
6856111,0.037,0.224,0.739
7126808,0.033,0.197,0.77
6939857,0.025,0.371,0.604
6822528,0.20025,0.352,0.44775
6947631,0.204,0.292,0.504
6887810,0.005,0.129,0.866
6849210,0.038,0.39,0.572
6901742,0.0,0.01,0.99
6850925,0.376,0.381,0.243
7181995,0.170333333333,0.278666666667,0.551
6841559,0.003,0.029,0.968
6822957,0.045,0.049,0.906
6943349,0.03,0.302333333333,0.667666666667
6923825,0.012,0.102,0.886
6871218,0.25035,0.36365,0.386
6932761,0.313,0.478,0.209
7168983,0.083,0.244,0.673
6853713,0.297433333333,0.307566666667,0.395
6814124,0.063,0.381,0.556
6828980,0.004,0.343,0.653
6939747,0.007,0.242,0.751
6862615,0.103,0.383,0.514
6911182,0.024,0.172,0.804
6947421,0.066,0.193,0.741
7163662,0.002,0.004,0.994
6933362,0.147,0.424,0.429
6822086,0.058,0.193,0.749
6939543,0.061,0.223,0.716
6882675,0.051,0.481,0.468
6925986,0.004,0.073,0.923
6927417,0.077,0.744,0.179
6824119,0.208,0.307,0.485
6923589,0.061,0.269,0.67
7205380,0.007,0.09,0.903
6904992,0.043,0.2065,0.7505
6857676,0.08,0.49,0.43
6942001,0.053,0.487816666667,0.459183333333
7187800,0.024,0.172,0.804
6877985,0.179833333333,0.69855,0.121616666667
6821414,0.035,0.0895,0.8755
6864512,0.005,0.093,0.902
6827448,0.046,0.2455,0.7085
6908603,0.011,0.156,0.833
7229431,0.03,0.193,0.777
6887335,0.008,0.071,0.921
6882828,0.04,0.681,0.279
6899958,0.011,0.19,0.799
6824008,0.0515,0.486,0.4625
6903906,0.263,0.186,0.551
7115894,0.034,0.896,0.07
6941723,0.018,0.377,0.605
6839785,0.177,0.546,0.277
6886776,0.011,0.126,0.863
6916643,0.002,0.033,0.965
6913846,0.128,0.416,0.456
6890122,0.02,0.09,0.89
6835099,0.018,0.081,0.901
6945428,0.113,0.43725,0.44975
6887669,0.037,0.299666666667,0.663333333333
6935132,0.0,0.003,0.997
6857587,0.047,0.202,0.751
6935498,0.045,0.341,0.614
6947868,0.164,0.563,0.273
6850003,0.084,0.446,0.47
6852354,0.327,0.3156,0.3574
6919832,0.017,0.164,0.819
6812510,0.035,0.098,0.867
6896715,0.143,0.252,0.605
7227507,0.021,0.181,0.798
6887453,0.02,0.166,0.814
6921056,0.085,0.196,0.719
6932635,0.19,0.619,0.191
6893393,0.001,0.079,0.92
6940659,0.067,0.199,0.734
6891517,0.001,0.062,0.937
6818991,0.047,0.246,0.707
6899307,0.154,0.364,0.482
7175517,0.011,0.078,0.911
6895415,0.064,0.124,0.812
6945124,0.029,0.344,0.627
6878796,0.029,0.265,0.706
6901435,0.038,0.243,0.719
7098987,0.231,0.266,0.503
6868925,0.0726166666667,0.294,0.633383333333
6862452,0.281,0.38,0.339
6904865,0.0,0.01,0.99
6872445,0.027,0.508,0.465
6816856,0.062,0.155,0.783
6910410,0.002,0.066,0.932
6847518,0.026,0.377,0.597
6860992,0.003,0.081,0.916
7093387,0.023,0.374,0.603
6891540,0.25,0.258,0.492
6928645,0.008,0.08,0.912
6874105,0.016,0.156,0.828
6819576,0.077,0.351666666667,0.571333333333
6817538,0.0,0.012,0.988
6819741,0.474,0.19,0.336
6878626,0.099,0.484,0.417
6901210,0.019,0.284,0.697
6888879,0.048,0.635,0.317
6888947,0.067,0.23,0.703
6883374,0.003,0.033,0.964
6836031,0.023,0.095,0.882
6851387,0.0,0.005,0.995
6907149,0.045,0.218,0.737
6882595,0.089,0.223,0.688
6816916,0.064,0.221,0.715
6878470,0.0,0.059,0.941
6865752,0.047,0.231,0.722
7217321,0.233,0.408,0.359
6944366,0.12,0.2814,0.5986
6918425,0.117416666667,0.509583333333,0.373
6821736,0.069,0.376,0.555
6936271,0.149,0.493,0.358
6874179,0.139,0.316333333333,0.544666666667
7135281,0.049,0.17175,0.77925
6942663,0.242,0.417,0.341
6903026,0.111,0.317,0.572
6824421,0.019,0.1095,0.8715
6820128,0.002,0.336,0.662
6850604,0.029,0.217,0.754
7120955,0.003,0.044,0.953
6847409,0.026,0.175,0.799
7056210,0.059,0.1555,0.7855
6939935,0.01,0.072,0.918
6844699,0.023,0.255,0.722
6833246,0.07,0.342,0.588
6845220,0.078,0.587,0.335
6824273,0.353,0.509,0.138
6873326,0.181,0.408,0.411
6941227,0.004,0.134,0.862
6899355,0.004,0.033,0.963
6880235,0.052,0.214,0.734
6850018,0.075,0.391,0.534
6818489,0.045,0.761,0.194
7159592,0.04,0.193,0.767
7200711,0.115,0.356,0.529
6842278,0.009,0.066,0.925
6829488,0.006,0.101,0.893
6916976,0.043,0.132,0.825
6863573,0.0085,0.1035,0.888
6900303,0.0,0.007,0.993
6830686,0.2345,0.256166666667,0.509333333333
7088285,0.365,0.195,0.44
6875119,0.1783,0.3612,0.4605
6852969,0.023,0.106333333333,0.870666666667
6834964,0.001,0.004,0.995
6888066,0.064,0.363,0.573
6862580,0.015,0.105,0.88
6902903,0.326,0.178,0.496
6940227,0.011,0.152,0.837
7094978,0.054,0.330666666667,0.615333333333
6849775,0.021,0.188,0.791
6852514,0.035,0.213,0.752
6908752,0.293,0.3,0.407
6926813,0.024,0.557,0.419
6867168,0.044,0.198,0.758
6916938,0.0,0.118,0.882
7217282,0.332,0.301,0.367
6830318,0.474,0.234,0.292
6841129,0.0945,0.329583333333,0.575916666667
6933898,0.021,0.35,0.629
6852224,0.117,0.309,0.574
6855108,0.186,0.451,0.363
6857681,0.082,0.453,0.465
7167282,0.001,0.035,0.964
6939214,0.102,0.258,0.64
6922283,0.207,0.529,0.264
6859605,0.004,0.046,0.95
6904148,0.031,0.257,0.712
6882954,0.078,0.519,0.403
6939093,0.004,0.095,0.901
6831383,0.01,0.125,0.865
6894471,0.0,0.008,0.992
6931008,0.103,0.649,0.248
6838588,0.033,0.18,0.787
6851730,0.022,0.154,0.824
6911988,0.004,0.163166666667,0.832833333333
6814325,0.086,0.545,0.369
6838809,0.382,0.279,0.339
6822777,0.0725,0.420666666667,0.506833333333
6887378,0.046,0.38795,0.56605
6913098,0.0,0.0475,0.9525
6936520,0.1642,0.57255,0.26325
6837850,0.112,0.31,0.578
6918818,0.0,0.197,0.803
6897497,0.001,0.025,0.974
6936577,0.069,0.356,0.575
6826594,0.148,0.551,0.301
6865047,0.006,0.199,0.795
6823879,0.111666666667,0.402,0.486333333333
6914868,0.96,0.025,0.015
6863654,0.003,0.023,0.974
6907061,0.052,0.236,0.712
7180725,0.048,0.16,0.792
7205244,0.02,0.151,0.829
6856962,0.222,0.119,0.659
6885323,0.01,0.048,0.942
6912379,0.607,0.138,0.255
6858148,0.028,0.163,0.809
6814582,0.0578,0.318866666667,0.623333333333
6940703,0.045,0.229,0.726
7181144,0.03,0.258,0.712
6825868,0.056,0.212,0.732
6889020,0.079,0.267,0.654
6869287,0.002,0.008,0.99
6871054,0.195,0.543,0.262
6870018,0.008,0.146,0.846
6895217,0.081,0.263,0.656
6855875,0.0248333333333,0.170166666667,0.805
7185369,0.041,0.414,0.545
6848724,0.085,0.22,0.695
6912010,0.064,0.572,0.364
6911483,0.0815833333333,0.462416666667,0.456
6826557,0.02,0.219,0.761
6893666,0.007,0.047,0.946
6946801,0.111,0.201,0.688
6871189,0.002,0.0313333333333,0.966666666667
6844700,0.337433333333,0.51,0.152566666667
6832474,0.008,0.049,0.943
6922129,0.039,0.18,0.781
6941269,0.075,0.24,0.685
6850111,0.043,0.214,0.743
6871721,0.014,0.086,0.9
6834277,0.0,0.002,0.998
6815020,0.065,0.088,0.847
6839790,0.122,0.538,0.34
6929149,0.002,0.047,0.951
6832299,0.1794,0.338,0.4826
6908265,0.008,0.193,0.799
6819513,0.084,0.219,0.697
6922046,0.071,0.188,0.741
6911700,0.005,0.15,0.845
7132375,0.195,0.4374,0.3676
6826330,0.031,0.576,0.393
6892358,0.205333333333,0.541333333333,0.253333333333
6844735,0.0466666666667,0.236333333333,0.717
6830282,0.006,0.054,0.94
6831883,0.001,0.017,0.982
6861551,0.218,0.331,0.451
6857472,0.0035,0.0445,0.952
6844170,0.150157142857,0.400842857143,0.449
6870992,0.013,0.179,0.808
6824420,0.019,0.171333333333,0.809666666667
6842673,0.05,0.226066666667,0.723933333333
6870166,0.747566666667,0.168433333333,0.084
6923521,0.024,0.147,0.829
6923067,0.016,0.311,0.673
7102369,0.086,0.41,0.504
6918324,0.011,0.118,0.871
6875753,0.0,0.074,0.926
6858106,0.073,0.464,0.463
6945544,0.007,0.199,0.794
6843762,0.0,0.006,0.994
6916249,0.014,0.194,0.792
6881283,0.144,0.322,0.534
6905410,0.009,0.073,0.918
6892408,0.142,0.338,0.52
6930990,0.2555,0.581833333333,0.162666666667
6835400,0.011,0.018,0.971
6867680,0.044,0.329,0.627
6910555,0.034,0.072,0.894
7178838,0.046,0.18,0.774
6925050,0.035,0.297,0.668
6831230,0.55,0.243,0.207
6884393,0.414,0.299,0.287
6850763,0.286,0.392,0.322
6835259,0.001,0.006,0.993
6878793,0.019,0.023,0.958
6843709,0.084,0.523,0.393
6880861,0.112,0.447,0.441
6927246,0.102,0.369,0.529
6884364,0.190333333333,0.534666666667,0.275
6932934,0.007,0.095,0.898
6943694,0.151,0.412,0.437
6831730,0.004,0.011,0.985
6844928,0.369,0.274,0.357
6885511,0.127,0.376,0.497
6844807,0.24,0.499,0.261
6817080,0.006,0.075,0.919
6851413,0.059,0.222,0.719
6918623,0.002,0.12525,0.87275
6932080,0.334,0.408,0.258
7117345,0.003,0.017,0.98
6821425,0.038,0.182,0.78
6924403,0.047,0.108,0.845
6854123,0.025,0.105,0.87
6852889,0.017,0.157,0.826
6866387,0.032,0.121,0.847
6858128,0.099,0.207,0.694
6905129,0.136,0.587,0.277
6932035,0.073,0.191,0.736
6884265,0.188,0.552,0.26
6936966,0.084,0.321216666667,0.594783333333
6881098,0.05,0.095,0.855
6869941,0.011,0.107,0.882
6864713,0.014,0.088,0.898
6905259,0.012,0.045,0.943
6889865,0.063,0.371,0.566
6870562,0.074,0.66025,0.26575
7124351,0.018,0.094,0.888
6857644,0.004,0.089,0.907
6891045,0.414,0.315,0.271
6929039,0.06,0.29,0.65
6916229,0.0,0.019,0.981
6833556,0.376,0.304,0.32
6838951,0.136,0.44,0.424
6868487,0.077,0.142,0.781
6869690,0.224,0.3875,0.3885
6864005,0.120833333333,0.247,0.632166666667
6923234,0.07,0.292,0.638
6827182,0.124,0.293,0.583
7146069,0.016,0.144733333333,0.839266666667
6890503,0.009,0.19,0.801
6911066,0.085,0.424,0.491
6876163,0.101,0.231,0.668
6920433,0.016,0.437,0.547
6826987,0.143,0.401,0.456
6831058,0.033,0.105,0.862
6944184,0.032,0.235,0.733
6868480,0.056,0.158,0.786
7097198,0.031,0.076,0.893
6914595,0.038,0.254,0.708
6879535,0.018,0.107,0.875
6900971,0.006,0.024,0.97
6878555,0.1151,0.318816666667,0.566083333333
6839324,0.124,0.59275,0.28325
6819925,0.02,0.178,0.802
6839386,0.041,0.247,0.712
6825584,0.096,0.323,0.581
7201758,0.056,0.161,0.783
6864463,0.172,0.58,0.248
6815348,0.003,0.009,0.988
6820756,0.096,0.309,0.595
6858699,0.086,0.302,0.612
6843115,0.106,0.135,0.759
6850824,0.005,0.089,0.906
6937635,0.035,0.12,0.845
6828911,0.0816,0.1294,0.789
7154618,0.009,0.149,0.842
6939143,0.271,0.312,0.417
6823169,0.011,0.176,0.813
6924844,0.099,0.562,0.339
6815925,0.239,0.389,0.372
6947389,0.0,0.002,0.998
7203267,0.193,0.300833333333,0.506166666667
6825953,0.121,0.2995,0.5795
6833542,0.047,0.197,0.756
6854302,0.002,0.107,0.891
6843122,0.0906666666667,0.165,0.744333333333
6851851,0.046,0.1,0.854
6879971,0.059,0.118333333333,0.822666666667
7136227,0.002,0.005,0.993
6925138,0.026,0.270833333333,0.703166666667
6875050,0.016,0.043,0.941
6935199,0.326,0.336,0.338
6848027,0.052,0.393,0.555
6904795,0.676,0.2356,0.0884
6818781,0.055,0.173,0.772
6871081,0.354,0.395,0.251
6888945,0.013,0.321,0.666
6925993,0.052,0.1265,0.8215
6928183,0.219,0.378,0.403
6847449,0.004,0.085,0.911
6857762,0.04,0.357,0.603
6942172,0.065,0.3264,0.6086
6916747,0.018,0.141,0.841
6813002,0.195,0.252,0.553
6923932,0.0,0.005,0.995
6939669,0.091,0.346,0.563
6854566,0.063,0.176,0.761
6909019,0.054,0.481,0.465
6869921,0.0,0.007,0.993
6864519,0.039,0.271,0.69
6849438,0.049,0.219,0.732
6916590,0.038,0.376,0.586
6947299,0.1036,0.219,0.6774
7152604,0.0,0.003,0.997
6894914,0.306,0.214,0.48
6914502,0.026,0.078,0.896
6820113,0.438,0.193,0.369
6924106,0.006,0.189438095238,0.804561904762
6840817,0.082,0.139,0.779
6913090,0.119,0.358,0.523
6934517,0.09,0.405,0.505
7152770,0.002,0.002,0.996
6868529,0.12,0.296,0.584
6836709,0.004,0.034,0.962
6868506,0.002,0.091,0.907
6941712,0.066,0.22,0.714
6932760,0.082,0.181,0.737
6850191,0.069,0.191,0.74
6878745,0.115,0.741,0.144
7094259,0.189,0.301,0.51
6831807,0.115,0.201,0.684
6891698,0.0,0.01,0.99
6923465,0.145,0.361904761905,0.493095238095
6899213,0.195,0.365,0.44
6923804,0.002,0.076,0.922
6918979,0.005,0.051,0.944
6862421,0.007,0.098,0.895
6900993,0.013,0.123,0.864
6861580,0.009,0.159,0.832
6906474,0.001,0.0300333333333,0.968966666667
6847010,0.37,0.37,0.26
6817985,0.071,0.109,0.82
6879738,0.192,0.576,0.232
7169995,0.014,0.239,0.747
6901359,0.006,0.089,0.905
6837382,0.006,0.044,0.95
6874250,0.21,0.401,0.389
6886924,0.005,0.076,0.919
6894687,0.053,0.028,0.919
6937873,0.186,0.429,0.385
6852900,0.052,0.206,0.742
6929432,0.041,0.421,0.538
6844489,0.041,0.119,0.84
6844561,0.047,0.378,0.575
6933747,0.183,0.37375,0.44325
6940885,0.004,0.05,0.946
6873782,0.243,0.3365,0.4205
6882375,0.051,0.616,0.333
6878769,0.064,0.355,0.581
6827016,0.0915,0.435833333333,0.472666666667
6820773,0.303,0.166,0.531
6921124,0.046,0.423,0.531
6817935,0.326,0.205,0.469
7144533,0.058,0.41,0.532
6813648,0.026,0.212,0.762
6834670,0.078,0.205,0.717
6878185,0.035,0.304,0.661
6923378,0.021,0.25,0.729
6932252,0.099,0.297,0.604
6857065,0.0,0.031,0.969
7169899,0.065,0.293,0.642
6887074,0.016,0.107,0.877
6849463,0.0673333333333,0.199666666667,0.733
6934153,0.088,0.242,0.67
7116464,0.113,0.162,0.725
6897412,0.044,0.148,0.808
6925887,0.05,0.502,0.448
6848650,0.074,0.324,0.602
6818453,0.2462,0.516,0.2378
6943153,0.009,0.239,0.752
6946348,0.743,0.179,0.078
6878770,0.106,0.437,0.457
6827664,0.005,0.103,0.892
6922984,0.022,0.141,0.837
6864544,0.068,0.204,0.728
6931437,0.004,0.074,0.922
7171071,0.068,0.266,0.666
6908215,0.145,0.568,0.287
6813875,0.110666666667,0.347333333333,0.542
6845221,0.038,0.583,0.379
6900902,0.051,0.243,0.706
6925197,0.157,0.311,0.532
6850783,0.001,0.025,0.974
6869002,0.0649166666667,0.452,0.483083333333
7172791,0.031,0.20175,0.76725
6936176,0.0,0.004,0.996
6839462,0.259,0.279,0.462
6828651,0.0413333333333,0.335666666667,0.623
6912630,0.044,0.191,0.765
6925870,0.013,0.116,0.871
6823876,0.059,0.195,0.746
6932538,0.018,0.14,0.842
6905724,0.088,0.192,0.72
6872564,0.007,0.009,0.984
6821027,0.071,0.248,0.681
6943747,0.353,0.158,0.489
7150854,0.0,0.002,0.998
7140107,0.042,0.129,0.829
6925056,0.048,0.305666666667,0.646333333333
6908834,0.006,0.185,0.809
6841620,0.067,0.208,0.725
6927175,0.142,0.638,0.22
6911333,0.12435,0.362983333333,0.512666666667
6936227,0.132,0.366,0.502
6935640,0.113,0.48,0.407
6901738,0.014,0.186,0.8
6849053,0.601,0.291,0.108
6879561,0.174,0.566,0.26
7166280,0.325,0.488,0.187
6889409,0.007,0.126,0.867
6898181,0.003,0.03,0.967
6881507,0.0,0.002,0.998
6895263,0.0,0.026,0.974
6830090,0.323,0.078,0.599
7215380,0.221,0.492,0.287
6817698,0.049,0.282,0.669
6906566,0.244,0.323,0.433
6894990,0.116,0.266,0.618
6873889,0.205333333333,0.596416666667,0.19825
6879553,0.024,0.303,0.673
6878327,0.53,0.28775,0.18225
6907502,0.096,0.618,0.286
6913646,0.048,0.284,0.668
7300745,0.054,0.16,0.786
6839638,0.037,0.325,0.638
6856873,0.135,0.602,0.263
6855357,0.077,0.24,0.683
6899979,0.0,0.017,0.983
6908433,0.151,0.193,0.656
6907408,0.003,0.007,0.99
7170775,0.161,0.523,0.316
6894035,0.025,0.136,0.839
6847457,0.003,0.079,0.918
6846258,0.023,0.218,0.759
6833602,0.454,0.259,0.287
7113888,0.09,0.393833333333,0.516166666667
6896850,0.146,0.560916666667,0.293083333333
6874757,0.004,0.068,0.928
6818474,0.084,0.336833333333,0.579166666667
6902137,0.036,0.262,0.702
6870798,0.268,0.296,0.436
7127496,0.06,0.285,0.655
6902192,0.063,0.295,0.642
6881324,0.462,0.152,0.386
6928837,0.095,0.315,0.59
6882452,0.083,0.697,0.22
6828286,0.003,0.056,0.941
7126963,0.0316666666667,0.177333333333,0.791
6862928,0.0,0.006,0.994
6822277,0.135983333333,0.235016666667,0.629
6889752,0.096,0.405083333333,0.498916666667
6861415,0.068,0.215,0.717
6812868,0.092,0.502,0.406
6937889,0.189,0.405,0.406
6935346,0.045,0.145,0.81
7282611,0.021,0.269,0.71
6936347,0.355,0.331,0.314
6824954,0.017,0.17,0.813
6892538,0.072,0.296,0.632
6928786,0.009,0.079,0.912
7164678,0.2117,0.596633333333,0.191666666667
6889908,0.179,0.263,0.558
6913892,0.198,0.316,0.486
6837599,0.356,0.478,0.166
6925955,0.001,0.027,0.972
6833907,0.198,0.3535,0.4485
6874618,0.084,0.255,0.661
6877202,0.097,0.494,0.409
6928643,0.01,0.052,0.938
6904977,0.027,0.161,0.812
6890725,0.03,0.136,0.834
6821381,0.048,0.394,0.558
6876184,0.133,0.344,0.523
6900571,0.001,0.114,0.885
6885274,0.0,0.027,0.973
6839484,0.2905,0.332833333333,0.376666666667
6940393,0.004,0.076,0.92
6947646,0.028,0.15,0.822
7171492,0.109,0.292,0.599
6929184,0.033,0.208,0.759
6890360,0.029,0.303,0.668
6857523,0.1535,0.2645,0.582
6913381,0.017,0.338,0.645
6849511,0.09,0.133,0.777
6877504,0.023,0.215,0.762
7140050,0.0,0.091,0.909
6821705,0.026,0.177,0.797
6828363,0.407,0.466,0.127
6834416,0.07,0.272,0.658
6930248,0.074,0.543,0.383
6859894,0.035,0.183,0.782
6812012,0.018,0.136,0.846
7163323,0.004,0.051,0.945
6842540,0.18,0.304,0.516
6868726,0.049,0.097,0.854
6941446,0.054,0.27,0.676
6870488,0.001,0.075,0.924
6839242,0.348,0.356,0.296
7218255,0.004,0.048,0.948
6934549,0.04,0.176,0.784
6889895,0.024,0.06225,0.91375
6825020,0.026,0.2195,0.7545
6894947,0.284,0.417,0.299
7140525,0.0,0.003,0.997
6911993,0.019,0.056,0.925
6824037,0.047,0.161,0.792
6882446,0.011,0.146,0.843
6902447,0.017,0.139,0.844
6931156,0.092,0.2,0.708
6857795,0.272,0.332,0.396
6831494,0.001,0.005,0.994
6853601,0.007,0.099,0.894
7098382,0.084,0.613,0.303
6896764,0.23,0.31,0.46
6852315,0.008,0.027,0.965
6879859,0.13975,0.43925,0.421
6823182,0.058,0.072,0.87
7186095,0.175,0.472,0.353
6888297,0.025,0.246,0.729
6862915,0.093,0.1965,0.7105
6876292,0.013,0.198,0.789
7125390,0.003,0.063,0.934
6894003,0.121,0.407,0.472
6882334,0.009,0.143,0.848
6902258,0.019,0.05,0.931
7202985,0.0,0.002,0.998
6854703,0.07,0.429,0.501
6867192,0.086,0.258,0.656
6891539,0.003,0.123,0.874
6944423,0.479,0.218,0.303
6828554,0.013,0.062,0.925
6909152,0.08,0.756,0.164
6916377,0.0,0.001,0.999
6927731,0.032,0.17,0.798
7207035,0.018,0.552,0.43
6823232,0.073,0.122333333333,0.804666666667
6920352,0.072,0.454,0.474
6927006,0.213,0.38,0.407
6882569,0.002,0.031,0.967
6930250,0.054,0.304,0.642
6874927,0.014,0.098,0.888
6819605,0.017,0.103,0.88
6919792,0.017,0.2,0.783
6865137,0.003,0.121,0.876
7129277,0.059,0.341,0.6
6812483,0.004,0.079,0.917
6939010,0.027,0.22,0.753
6946483,0.013,0.319,0.668
6861585,0.098,0.187,0.715
6939744,0.024,0.41125,0.56475
6892611,0.046,0.378,0.576
6830977,0.638,0.19,0.172
7128814,0.001,0.035,0.964
6923434,0.074,0.32375,0.60225
6942315,0.042,0.191,0.767
6948509,0.299,0.297,0.404
6890231,0.007,0.079,0.914
6912207,0.014,0.107,0.879
6838584,0.034,0.141,0.825
6847995,0.031,0.27,0.699
6917463,0.0545,0.5075,0.438
6903844,0.002,0.011,0.987
7157390,0.027,0.35,0.623
6855342,0.078,0.2,0.722
6835231,0.105333333333,0.252666666667,0.642
6862121,0.0,0.003,0.997
6945521,0.122,0.498,0.38
6867420,0.014,0.149,0.837
6905101,0.068,0.586,0.346
6818496,0.0946,0.3754,0.53
6918925,0.005,0.383,0.612
7123427,0.214,0.344,0.442
6814336,0.118833333333,0.232166666667,0.649
6911832,0.003,0.042,0.955
6947977,0.057,0.5,0.443
6835357,0.0,0.003,0.997
6893083,0.086,0.283,0.631
6869401,0.006,0.021,0.973
6936872,0.164,0.32425,0.51175
6943363,0.004,0.079,0.917
6814666,0.115666666667,0.335,0.549333333333
6831228,0.173,0.499,0.328
6930325,0.036,0.29,0.674
7135468,0.156,0.279,0.565
6935649,0.147,0.775,0.078
6842816,0.041,0.20225,0.75675
6836648,0.002,0.009,0.989
6843370,0.5085,0.316,0.1755
6829452,0.017,0.207666666667,0.775333333333
6814410,0.064,0.246,0.69
6861393,0.017,0.05,0.933
6947636,0.099,0.549,0.352
6884926,0.064,0.427,0.509
6948404,0.13,0.325,0.545
6879094,0.101,0.3005,0.5985
6887261,0.0735,0.2495,0.677
6926944,0.169,0.51,0.321
6839343,0.056,0.284,0.66
6897753,0.018,0.147,0.835
6831379,0.075,0.111,0.814
6836705,0.083,0.433,0.484
6844690,0.048,0.295,0.657
6828230,0.0,0.002,0.998
6830259,0.357,0.39,0.253
6932110,0.04,0.623,0.337
6855525,0.646,0.153,0.201
6912282,0.007,0.046,0.947
6887875,0.003,0.175,0.822
6897869,0.011,0.086,0.903
6833923,0.027,0.377,0.596
6938496,0.014,0.071,0.915
6906448,0.001,0.013,0.986
6920599,0.019,0.156,0.825
6931933,0.005,0.062,0.933
7141703,0.14,0.254,0.606
6856601,0.107,0.363,0.53
6861629,0.292,0.432,0.276
6871574,0.042,0.243,0.715
6813724,0.048,0.328,0.624
6881040,0.0173333333333,0.0786666666667,0.904
6849238,0.021,0.151,0.828
6874203,0.114,0.342,0.544
6872301,0.06,0.18,0.76
6926122,0.012,0.0245,0.9635
6939969,0.009,0.066,0.925
6825814,0.128,0.434,0.438
7186170,0.001,0.048,0.951
6825880,0.119678571429,0.473321428571,0.407
6884791,0.093,0.36,0.547
6821357,0.042,0.151,0.807
6878281,0.377,0.508,0.115
6826274,0.074,0.352,0.574
6893401,0.287,0.0643333333333,0.648666666667
6916446,0.0,0.011,0.989
6866042,0.031,0.088,0.881
6875316,0.033,0.16,0.807
